0,1,0,4
1,3,3,9
2,4,0,15
3,8,2,19
4,8,5,29
5,8,3,37
6,8,3,44
7,11,4,48
8,13,4,54
9,13,0,69
10,14,2,73
11,16,0,78
12,17,3,84
13,19,4,90
14,19,1,97
15,20,1,101
16,23,0,105
17,26,0,109
18,26,4,119
19,26,3,125
20,27,2,129
21,30,4,133
22,32,2,138
23,32,0,150
24,34,4,154
25,35,2,158
26,38,3,162
27,40,1,167
28,40,6,182
29,40,1,188
30,41,0,192
31,44,0,196
32,44,3,203
33,44,5,214
34,45,2,219
35,46,2,223
36,49,2,227
37,51,4,232
38,52,2,239
39,54,2,243
40,55,3,247
41,56,0,253
42,58,3,258
43,59,2,265
44,61,2,269
45,62,3,273
46,64,1,278
47,66,3,283
48,68,4,289
49,68,1,297
50,69,1,301
51,72,0,305
52,74,2,310
53,78,4,314
54,78,0,324
55,78,0,332
56,78,1,339
57,81,0,343
58,81,5,362
59,81,3,369
60,81,3,374
61,84,2,378
62,86,0,383
63,88,1,389
64,88,3,397
65,89,0,401
66,92,0,405
67,95,0,409
68,97,0,415
69,97,5,435
70,98,0,439
71,101,2,443
72,104,2,447
73,106,2,453
74,108,2,457
75,109,2,461
76,112,1,465
77,112,3,472
78,116,2,476
79,118,2,480
80,119,1,484
81,122,3,488
82,125,2,492
83,127,2,498
84,127,3,504
85,128,2,508
86,131,4,512
87,133,2,517
88,133,1,543
89,133,2,549
90,134,3,553
91,137,3,557
92,140,2,561
93,142,2,567
94,142,4,573
95,143,1,577
96,145,4,582
97,146,1,588
98,146,2,605
99,147,5,610
100,147,1,615
101,150,2,619
102,152,4,624
103,154,3,630
104,154,1,639
105,155,2,643
106,158,1,647
107,161,0,651
108,161,4,661
109,163,2,665
110,164,1,669
111,167,2,673
112,169,0,678
113,173,2,682
114,173,3,700
115,174,2,704
116,176,0,709
117,178,2,714
118,179,0,721
119,180,3,726
120,181,2,730
121,184,2,734
122,187,3,738
123,189,4,744
124,191,4,748
125,192,1,752
126,195,3,756
127,198,2,760
128,198,5,788
129,198,2,794
130,199,0,798
131,201,3,803
132,204,4,807
133,204,2,816
134,204,3,822
135,205,0,826
136,208,2,830
137,211,2,834
138,211,1,844
139,211,1,850
140,212,2,854
141,215,3,858
142,218,2,862
143,220,2,868
144,222,2,872
145,223,3,876
146,225,1,881
147,228,0,885
148,230,1,891
149,230,4,902
150,230,3,911
151,233,0,915
152,235,2,920
153,237,3,926
154,237,4,932
155,238,0,936
156,241,2,940
157,243,0,945
158,247,2,949
159,247,4,960
160,248,1,964
161,251,0,968
162,251,2,975
163,255,4,979
164,255,0,987
165,256,2,991
166,259,1,995
167,262,1,999
168,264,2,1005
169,266,2,1009
170,267,2,1013
171,270,4,1017
172,270,1,1024
173,273,4,1029
174,273,2,1036
175,273,0,1041
176,276,2,1045
177,279,2,1049
178,283,4,1053
179,283,2,1063
180,284,3,1067
181,287,2,1071
182,290,1,1075
183,292,2,1081
184,294,1,1085
185,295,1,1089
186,298,0,1093
187,301,1,1097
188,301,0,1105
189,303,0,1109
190,303,2,1115
191,305,3,1120
192,308,2,1124
193,310,3,1130
194,310,1,1138
195,311,1,1142
196,313,4,1147
197,315,2,1152
198,317,2,1158
199,319,2,1162
200,320,0,1166
201,320,4,1176
202,323,2,1180
203,325,2,1186
204,327,2,1190
205,328,3,1194
206,329,0,1200
207,331,4,1205
208,332,3,1212
209,333,5,1217
210,334,3,1221
211,337,4,1225
212,339,2,1230
213,343,4,1234
214,343,1,1244
215,344,2,1248
216,347,4,1252
217,347,0,1259
218,350,4,1264
219,350,2,1271
220,350,0,1276
221,353,3,1280
222,356,2,1284
223,358,2,1290
224,358,4,1296
225,359,3,1300
226,362,4,1304
227,362,1,1311
228,362,1,1327
229,364,4,1331
230,365,1,1335
231,368,2,1339
232,371,2,1343
233,373,2,1349
234,373,0,1361
235,374,2,1365
236,377,4,1369
237,380,4,1373
238,380,2,1383
239,380,2,1389
240,381,2,1393
241,384,4,1397
242,384,1,1404
243,386,2,1410
244,388,1,1414
245,389,2,1418
246,392,2,1422
247,395,1,1426
248,395,1,1443
249,397,2,1447
250,398,1,1451
251,401,0,1455
252,401,2,1462
253,404,0,1467
254,404,1,1474
255,404,2,1479
256,407,2,1483
257,410,2,1487
258,412,3,1493
259,412,0,1505
260,413,1,1509
261,416,0,1513
262,416,4,1520
263,419,0,1525
264,421,0,1529
265,422,1,1533
266,425,0,1537
267,428,1,1541
268,430,2,1547
269,430,3,1553
270,431,3,1557
271,432,0,1563
272,435,1,1567
273,437,2,1573
274,437,3,1579
275,438,2,1583
276,440,0,1588
277,441,4,1594
278,444,1,1599
279,444,2,1608
280,445,0,1612
281,448,0,1616
282,451,1,1620
283,453,2,1626
284,455,2,1630
285,456,1,1634
286,459,0,1638
287,461,2,1643
288,462,0,1650
289,463,3,1655
290,464,1,1659
291,467,1,1663
292,469,3,1668
293,471,4,1674
294,471,0,1683
295,471,0,1690
296,472,0,1696
297,474,2,1701
298,476,1,1707
299,476,3,1713
300,477,0,1717
301,478,4,1723
302,480,2,1728
303,484,4,1732
304,484,0,1743
305,485,3,1747
306,487,1,1752
307,489,3,1757
308,491,3,1763
309,493,2,1767
310,494,1,1771
311,496,4,1776
312,498,2,1781
313,502,4,1785
314,502,1,1795
315,503,1,1799
316,506,2,1803
317,508,4,1808
318,508,1,1817
319,509,1,1822
320,509,3,1827
321,512,1,1831
322,515,2,1835
323,517,2,1841
324,517,4,1847
325,518,0,1851
326,520,4,1856
327,523,3,1860
328,525,4,1866
329,525,2,1874
330,525,0,1880
331,527,1,1885
332,530,0,1889
333,530,5,1900
334,532,2,1904
335,533,2,1908
336,536,1,1912
337,539,0,1916
338,543,2,1920
339,543,0,1930
340,543,3,1942
341,545,0,1947
342,545,4,1960
343,545,6,1970
344,547,0,1974
345,548,0,1978
346,548,3,1993
347,551,2,1997
348,555,4,2001
349,555,1,2011
350,555,0,2019
351,555,1,2026
352,558,0,2030
353,560,1,2036
354,560,4,2045
355,560,2,2051
356,562,1,2056
357,564,3,2061
358,565,1,2068
359,566,5,2073
360,566,1,2078
361,569,2,2082
362,572,1,2086
363,574,2,2092
364,574,0,2100
365,575,1,2104
366,578,3,2108
367,581,4,2112
368,581,0,2125
369,581,2,2133
370,581,1,2139
371,583,2,2144
372,585,4,2149
373,587,4,2155
374,589,4,2159
375,589,0,2169
376,589,1,2178
377,590,0,2184
378,592,1,2190
379,592,5,2197
380,592,3,2202
381,595,0,2206
382,597,2,2211
383,601,4,2215
384,601,2,2225
385,602,2,2229
386,605,2,2233
387,608,2,2237
388,608,1,2254
389,610,4,2258
390,611,1,2262
391,614,2,2266
392,617,2,2270
393,619,3,2276
394,619,0,2288
395,620,2,2292
396,622,0,2297
397,624,2,2302
398,626,2,2308
399,628,2,2312
400,629,0,2316
401,631,3,2321
402,632,0,2327
403,634,3,2333
404,634,5,2341
405,635,1,2345
406,638,0,2349
407,640,2,2354
408,640,5,2366
409,642,4,2370
410,643,2,2374
411,646,2,2378
412,649,2,2382
413,649,1,2397
414,649,1,2403
415,650,0,2407
416,652,3,2412
417,654,1,2417
418,656,2,2423
419,656,0,2431
420,657,2,2435
421,659,0,2440
422,661,2,2445
423,663,3,2451
424,665,2,2455
425,666,2,2459
426,668,0,2464
427,669,3,2470
428,671,2,2476
429,673,2,2480
430,674,1,2484
431,677,3,2488
432,680,2,2492
433,680,1,2502
434,682,4,2506
435,683,1,2510
436,686,2,2514
437,689,2,2518
438,691,2,2524
439,693,2,2528
440,694,1,2532
441,696,4,2537
442,697,0,2543
443,701,2,2547
444,703,2,2551
445,704,3,2555
446,706,1,2560
447,709,2,2564
448,709,5,2573
449,711,4,2577
450,712,2,2581
451,715,1,2585
452,718,0,2589
453,722,2,2593
454,722,5,2607
455,722,3,2619
456,724,0,2624
457,726,2,2629
458,730,4,2633
459,732,4,2637
460,732,0,2649
461,734,2,2654
462,736,0,2659
463,738,3,2665
464,738,5,2675
465,739,0,2679
466,742,2,2683
467,745,2,2687
468,747,2,2693
469,749,2,2697
470,750,2,2701
471,753,4,2705
472,753,1,2712
473,753,1,2730
474,753,1,2736
475,754,2,2740
476,757,2,2744
477,759,0,2749
478,761,1,2755
479,763,0,2759
480,763,2,2767
481,763,4,2774
482,765,2,2779
483,767,2,2785
484,769,2,2789
485,770,1,2793
486,773,2,2797
487,776,2,2801
488,778,2,2807
489,780,1,2811
490,781,1,2815
491,784,3,2819
492,787,4,2823
493,789,5,2829
494,789,3,2837
495,790,2,2841
496,792,0,2846
497,794,2,2851
498,798,4,2855
499,798,1,2865
500,799,1,2869
501,802,0,2873
502,802,4,2880
503,803,3,2887
504,804,1,2892
505,804,3,2897
506,807,4,2901
507,809,2,2906
508,811,3,2912
509,811,1,2920
510,812,0,2924
511,815,0,2928
512,817,2,2933
513,818,0,2940
514,819,3,2945
515,820,3,2949
516,823,4,2953
517,825,2,2958
518,827,3,2964
519,827,1,2972
520,828,1,2976
521,831,0,2980
522,831,3,2987
523,833,4,2993
524,833,0,2999
525,834,3,3003
526,836,0,3008
527,838,2,3013
528,842,4,3017
529,842,1,3027
530,843,3,3031
531,846,4,3035
532,846,0,3047
533,849,4,3052
534,849,0,3066
535,850,2,3070
536,853,2,3074
537,855,0,3079
538,859,2,3083
539,859,5,3096
540,860,2,3100
541,863,2,3104
542,866,2,3108
543,870,4,3112
544,870,1,3122
545,871,2,3126
546,874,2,3130
547,876,4,3135
548,878,4,3141
549,880,4,3145
550,881,2,3149
551,884,2,3153
552,887,3,3157
553,887,0,3195
554,887,2,3201
555,888,1,3205
556,891,2,3209
557,894,2,3213
558,898,4,3217
559,898,2,3227
560,898,0,3235
561,898,1,3242
562,901,4,3246
563,903,4,3252
564,903,2,3261
565,903,0,3268
566,904,1,3274
567,907,1,3278
568,909,2,3284
569,909,5,3296
570,910,0,3300
571,913,2,3304
572,915,0,3309
573,919,2,3313
574,919,4,3324
575,920,1,3328
576,923,3,3332
577,926,4,3336
578,928,4,3342
579,928,2,3352
580,929,2,3356
581,932,3,3360
582,935,2,3364
583,935,1,3383
584,935,1,3398
585,936,2,3402
586,939,2,3406
587,942,3,3410
588,942,6,3430
589,942,2,3436
590,943,2,3440
591,946,2,3444
592,949,2,3448
593,951,2,3454
594,953,2,3458
595,954,2,3462
596,957,2,3466
597,960,2,3470
598,960,0,3521
599,960,1,3527
600,961,2,3531
601,963,0,3536
602,965,2,3541
603,967,3,3547
604,967,0,3555
605,968,3,3559
606,970,1,3564
607,973,2,3568
608,973,1,3576
609,975,1,3580
610,976,1,3584
611,979,3,3588
612,979,0,3595
613,983,4,3599
614,983,0,3609
615,984,2,3613
616,986,0,3618
617,989,1,3622
618,991,1,3628
619,991,2,3634
620,992,3,3638
621,995,2,3642
622,997,0,3647
623,999,1,3653
624,999,2,3659
625,1000,3,3663
626,1002,0,3668
627,1005,0,3672
628,1005,5,3681
629,1007,1,3685
630,1008,1,3689
631,1011,2,3693
632,1013,4,3698
633,1014,2,3705
634,1016,2,3709
635,1017,1,3713
636,1020,0,3717
637,1022,2,3722
638,1023,0,3729
639,1024,4,3734
640,1025,2,3738
641,1028,2,3742
642,1030,4,3747
643,1030,2,3761
644,1030,1,3768
645,1030,0,3773
646,1032,4,3778
647,1033,0,3784
648,1035,4,3790
649,1035,1,3796
650,1036,1,3800
651,1039,0,3804
652,1042,0,3808
653,1046,2,3812
654,1046,0,3822
655,1047,2,3826
656,1050,4,3830
657,1050,1,3837
658,1050,0,3849
659,1052,2,3853
660,1053,1,3857
661,1056,2,3861
662,1058,4,3866
663,1058,0,3882
664,1058,1,3889
665,1058,0,3894
666,1060,3,3899
667,1061,0,3905
668,1063,0,3911
669,1063,5,3919
670,1064,0,3923
671,1067,0,3927
672,1067,2,3934
673,1071,4,3938
674,1071,0,3946
675,1072,2,3950
676,1075,4,3954
677,1078,3,3958
678,1078,0,3971
679,1078,1,3981
680,1079,2,3985
681,1082,1,3989
682,1085,2,3993
683,1085,1,4001
684,1085,2,4007
685,1086,0,4011
686,1087,4,4017
687,1089,2,4022
688,1093,4,4026
689,1093,0,4037
690,1094,3,4041
691,1096,1,4046
692,1098,3,4051
693,1100,2,4057
694,1100,3,4065
695,1101,1,4069
696,1103,4,4074
697,1104,1,4080
698,1107,5,4085
699,1107,0,4094
700,1107,0,4101
701,1108,0,4107
702,1110,3,4112
703,1112,3,4118
704,1114,2,4122
705,1115,1,4126
706,1118,3,4130
707,1121,3,4134
708,1123,3,4140
709,1125,2,4144
710,1126,1,4148
711,1128,4,4153
712,1129,0,4159
713,1133,2,4163
714,1135,1,4167
715,1136,0,4171
716,1139,0,4175
717,1142,0,4179
718,1146,2,4183
719,1146,0,4193
720,1147,2,4197
721,1150,1,4201
722,1152,3,4206
723,1154,3,4212
724,1156,2,4216
725,1157,0,4220
726,1159,3,4225
727,1162,4,4229
728,1164,4,4235
729,1164,1,4246
730,1165,1,4250
731,1168,2,4254
732,1171,3,4258
733,1171,2,4266
734,1173,2,4270
735,1174,3,4274
736,1176,1,4279
737,1178,3,4284
738,1179,1,4291
739,1179,2,4298
740,1179,2,4303
741,1182,2,4307
742,1184,0,4312
743,1188,2,4316
744,1190,2,4320
745,1191,0,4324
746,1193,3,4329
747,1196,2,4333
748,1198,2,4339
749,1198,4,4345
750,1199,0,4349
751,1201,4,4354
752,1202,0,4360
753,1206,2,4364
754,1206,4,4373
755,1206,3,4380
756,1207,4,4386
757,1209,2,4391
758,1213,4,4395
759,1213,0,4412
760,1214,2,4416
761,1217,2,4420
762,1220,2,4424
763,1222,2,4430
764,1224,2,4434
765,1225,1,4438
766,1228,0,4442
767,1230,2,4447
768,1232,2,4453
769,1232,3,4469
770,1233,2,4473
771,1235,0,4478
772,1236,4,4484
773,1239,1,4489
774,1239,3,4498
775,1239,2,4505
776,1242,0,4509
777,1242,3,4518
778,1245,2,4523
779,1245,0,4530
780,1245,3,4539
781,1245,4,4547
782,1248,2,4551
783,1252,4,4555
784,1252,2,4565
785,1252,0,4573
786,1252,0,4580
787,1255,0,4584
788,1257,0,4590
789,1257,4,4599
790,1257,1,4605
791,1259,1,4610
792,1262,2,4614
793,1266,4,4618
794,1266,0,4630
795,1267,2,4634
796,1270,4,4638
797,1270,1,4645
798,1272,1,4651
799,1272,3,4657
800,1273,0,4661
801,1276,2,4665
802,1278,0,4670
803,1282,2,4674
804,1284,2,4678
805,1285,2,4682
806,1288,2,4686
807,1290,0,4691
808,1290,4,4710
809,1292,2,4714
810,1293,0,4718
811,1293,4,4729
812,1296,1,4733
813,1298,2,4739
814,1300,2,4743
815,1301,2,4747
816,1304,1,4751
817,1307,2,4755
818,1311,4,4759
819,1311,1,4769
820,1312,2,4773
821,1315,2,4777
822,1318,2,4781
823,1318,1,4796
824,1318,2,4802
825,1319,0,4806
826,1321,3,4811
827,1324,4,4815
828,1324,1,4824
829,1325,0,4829
830,1326,1,4833
831,1329,0,4837
832,1329,4,4844
833,1331,5,4850
834,1333,4,4854
835,1334,1,4858
836,1337,2,4862
837,1339,4,4867
838,1341,4,4873
839,1341,2,4881
840,1342,1,4885
841,1345,3,4889
842,1348,2,4893
843,1348,1,4911
844,1348,1,4921
845,1349,1,4925
846,1351,4,4930
847,1354,4,4934
848,1354,1,4943
849,1354,2,4952
850,1354,0,4957
851,1357,2,4961
852,1360,1,4965
853,1362,2,4971
854,1364,1,4975
855,1365,1,4979
856,1368,2,4983
857,1371,1,4987
858,1371,4,5006
859,1371,4,5021
860,1372,1,5025
861,1375,2,5029
862,1378,2,5033
863,1382,4,5037
864,1382,1,5047
865,1382,0,5055
866,1384,2,5060
867,1387,3,5064
868,1389,4,5070
869,1389,2,5078
870,1390,2,5082
871,1393,2,5086
872,1396,2,5090
873,1398,2,5096
874,1400,2,5100
875,1401,2,5104
876,1404,2,5108
877,1406,4,5113
878,1406,1,5144
879,1406,1,5151
880,1406,0,5156
881,1409,0,5160
882,1409,2,5167
883,1412,2,5172
884,1412,3,5179
885,1413,1,5183
886,1416,2,5187
887,1418,4,5192
888,1420,4,5198
889,1420,0,5209
890,1421,1,5213
891,1424,2,5217
892,1427,2,5221
893,1427,2,5237
894,1427,1,5243
895,1428,1,5247
896,1431,0,5251
897,1434,0,5255
898,1438,2,5259
899,1438,0,5269
900,1439,1,5273
901,1442,2,5277
902,1445,2,5281
903,1447,3,5287
904,1449,2,5291
905,1450,3,5295
906,1453,2,5299
907,1456,2,5303
908,1456,1,5329
909,1458,4,5333
910,1459,2,5337
911,1462,2,5341
912,1465,2,5345
913,1469,4,5349
914,1469,1,5368
915,1470,3,5372
916,1472,1,5377
917,1474,3,5382
918,1476,2,5388
919,1478,2,5392
920,1479,3,5396
921,1481,1,5401
922,1484,2,5405
923,1488,4,5409
924,1490,4,5413
925,1491,2,5417
926,1494,2,5421
927,1497,2,5425
928,1497,3,5444
929,1497,2,5450
930,1498,1,5454
931,1500,4,5459
932,1503,3,5463
933,1505,3,5469
934,1507,2,5473
935,1508,3,5477
936,1511,3,5481
937,1514,2,5485
938,1516,3,5491
939,1516,1,5499
940,1517,2,5503
941,1520,1,5507
942,1520,3,5514
943,1524,2,5518
944,1526,1,5522
945,1527,2,5526
946,1530,3,5530
947,1532,1,5535
948,1534,2,5541
949,1534,0,5549
950,1535,1,5553
951,1538,1,5557
952,1541,0,5561
953,1545,2,5565
954,1545,3,5577
955,1546,2,5581
956,1549,2,5585
957,1552,2,5589
958,1554,2,5595
959,1556,2,5599
960,1557,3,5603
961,1560,4,5607
962,1562,2,5612
963,1566,4,5616
964,1566,1,5626
965,1567,1,5630
966,1570,0,5634
967,1572,2,5639
968,1574,1,5645
969,1574,2,5653
970,1575,0,5657
971,1578,0,5661
972,1578,2,5668
973,1581,0,5673
974,1581,3,5680
975,1581,3,5685
976,1584,2,5689
977,1586,0,5694
978,1588,1,5700
979,1588,5,5711
980,1589,0,5715
981,1591,3,5720
982,1593,1,5725
983,1593,0,5733
984,1593,4,5739
985,1594,3,5743
986,1597,3,5747
987,1600,4,5751
988,1600,3,5759
989,1600,1,5772
990,1601,3,5776
991,1601,0,5788
992,1604,4,5792
993,1606,4,5798
994,1606,0,5812
995,1607,1,5816
996,1610,2,5820
997,1613,2,5824
998,1613,0,5843
999,1615,4,5847
1000,1616,1,5851
1001,1619,0,5855
1002,1619,4,5862
1003,1620,3,5869
1004,1621,5,5874
1005,1622,3,5878
1006,1622,1,5885
1007,1625,2,5889
1008,1627,3,5895
1009,1629,2,5899
1010,1630,2,5903
1011,1633,2,5907
1012,1635,4,5912
1013,1636,2,5919
1014,1636,0,5938
1015,1637,0,5942
1016,1639,3,5947
1017,1642,2,5951
1018,1644,3,5957
1019,1644,1,5965
1020,1645,0,5969
1021,1648,0,5973
1022,1650,2,5978
1023,1654,4,5982
1024,1654,1,5992
1025,1654,0,6000
1026,1654,1,6007
1027,1657,2,6011
1028,1657,1,6019
1029,1659,0,6023
1030,1659,2,6029
1031,1661,1,6034
1032,1663,3,6039
1033,1665,2,6045
1034,1665,3,6053
1035,1666,0,6057
1036,1666,3,6064
1037,1669,4,6068
1038,1670,3,6075
1039,1671,5,6080
1040,1671,1,6085
1041,1674,0,6089
1042,1676,2,6094
1043,1680,4,6098
1044,1680,1,6108
1045,1681,2,6112
1046,1684,2,6116
1047,1687,1,6120
1048,1689,1,6126
1049,1689,2,6132
1050,1690,2,6136
1051,1692,0,6141
1052,1694,2,6146
1053,1695,0,6153
1054,1696,3,6158
1055,1697,2,6162
1056,1700,2,6166
1057,1702,4,6171
1058,1702,0,6182
1059,1702,2,6188
1060,1703,3,6192
1061,1705,1,6197
1062,1708,2,6201
1063,1708,6,6210
1064,1708,2,6216
1065,1709,1,6220
1066,1711,4,6225
1067,1713,2,6230
1068,1713,1,6238
1069,1715,4,6242
1070,1716,1,6246
1071,1719,2,6250
1072,1721,0,6255
1073,1721,5,6265
1074,1721,4,6271
1075,1722,3,6275
1076,1724,1,6280
1077,1727,2,6284
1078,1729,2,6290
1079,1731,1,6294
1080,1732,1,6298
1081,1735,2,6302
1082,1738,2,6306
1083,1742,4,6310
1084,1742,1,6320
1085,1743,1,6324
1086,1746,2,6328
1087,1748,4,6333
1088,1750,3,6339
1089,1750,0,6350
1090,1751,3,6354
1091,1754,2,6358
1092,1756,4,6363
1093,1756,1,6378
1094,1756,0,6389
1095,1756,0,6395
1096,1758,1,6400
1097,1761,2,6404
1098,1761,1,6412
1099,1761,2,6418
1100,1762,2,6422
1101,1765,2,6426
1102,1767,4,6431
1103,1767,1,6441
1104,1767,2,6447
1105,1768,0,6451
1106,1771,2,6455
1107,1774,3,6459
1108,1774,1,6469
1109,1774,0,6475
1110,1775,3,6479
1111,1777,0,6484
1112,1780,1,6488
1113,1780,4,6497
1114,1781,4,6502
1115,1782,1,6506
1116,1785,0,6510
1117,1787,2,6515
1118,1789,2,6521
1119,1789,5,6533
1120,1790,1,6537
1121,1793,0,6541
1122,1793,2,6548
1123,1795,3,6554
1124,1795,1,6560
1125,1796,1,6564
1126,1799,2,6568
1127,1802,1,6572
1128,1804,2,6578
1129,1806,2,6582
1130,1807,1,6586
1131,1809,4,6591
1132,1810,0,6597
1133,1812,1,6603
1134,1814,0,6607
1135,1814,2,6615
1136,1814,3,6622
1137,1817,3,6626
1138,1818,1,6633
1139,1818,2,6640
1140,1818,2,6645
1141,1821,4,6649
1142,1821,1,6656
1143,1821,0,6667
1144,1821,1,6673
1145,1822,3,6677
1146,1825,2,6681
1147,1828,3,6685
1148,1830,3,6691
1149,1830,1,6701
1150,1831,0,6705
1151,1833,3,6710
1152,1836,2,6714
1153,1836,0,6723
1154,1838,4,6727
1155,1838,0,6734
1156,1841,4,6738
1157,1841,0,6747
1158,1843,2,6753
1159,1843,5,6759
1160,1844,3,6763
1161,1847,2,6767
1162,1850,2,6771
1163,1852,3,6777
1164,1852,4,6783
1165,1853,3,6787
1166,1856,2,6791
1167,1859,2,6795
1168,1863,4,6799
1169,1865,4,6803
1170,1865,0,6815
1171,1868,3,6819
1172,1870,1,6824
1173,1870,0,6840
1174,1870,4,6846
1175,1871,2,6850
1176,1874,4,6854
1177,1876,2,6859
1178,1880,4,6863
1179,1880,2,6873
1180,1881,1,6877
1181,1884,0,6881
1182,1884,4,6888
1183,1887,2,6893
1184,1887,4,6902
1185,1888,0,6906
1186,1891,0,6910
1187,1891,3,6921
1188,1891,4,6931
1189,1891,4,6937
1190,1892,1,6941
1191,1895,3,6945
1192,1898,4,6949
1193,1898,0,6961
1194,1900,5,6965
1195,1901,2,6969
1196,1904,4,6973
1197,1906,2,6978
1198,1910,4,6982
1199,1910,1,6995
1200,1910,0,7005
1201,1910,1,7014
1202,1913,2,7018
1203,1917,4,7022
1204,1917,1,7035
1205,1918,2,7039
1206,1921,1,7043
1207,1924,1,7047
1208,1924,5,7057
1209,1924,0,7063
1210,1925,2,7067
1211,1928,4,7071
1212,1928,1,7078
1213,1930,2,7084
1214,1930,0,7092
1215,1931,2,7096
1216,1934,3,7100
1217,1936,1,7105
1218,1938,2,7111
1219,1940,2,7115
1220,1941,2,7119
1221,1944,2,7123
1222,1947,2,7127
1223,1949,2,7133
1224,1951,1,7137
1225,1952,1,7141
1226,1955,2,7145
1227,1957,0,7150
1228,1957,4,7164
1229,1959,2,7168
1230,1960,0,7172
1231,1963,2,7176
1232,1965,0,7181
1233,1969,2,7185
1234,1971,1,7189
1235,1972,1,7193
1236,1974,4,7198
1237,1976,2,7203
1238,1976,1,7211
1239,1978,4,7215
1240,1979,2,7219
1241,1982,2,7223
1242,1985,2,7227
1243,1985,1,7240
1244,1987,4,7244
1245,1988,3,7248
1246,1990,1,7253
1247,1992,3,7258
1248,1994,4,7264
1249,1994,1,7272
1250,1994,0,7278
1251,1996,1,7283
1252,1997,4,7289
1253,2000,2,7294
1254,2002,2,7298
1255,2003,3,7302
1256,2004,0,7308
1257,2006,2,7313
1258,2008,2,7319
1259,2008,0,7327
1260,2009,2,7331
1261,2012,4,7335
1262,2012,1,7342
1263,2014,2,7348
1264,2014,0,7356
1265,2015,1,7360
1266,2018,3,7364
1267,2018,0,7371
1268,2022,4,7375
1269,2022,1,7383
1270,2023,1,7387
1271,2026,2,7391
1272,2029,2,7395
1273,2033,4,7399
1274,2033,1,7409
1275,2034,2,7413
1276,2037,4,7417
1277,2039,2,7422
1278,2041,2,7428
1279,2041,4,7434
1280,2042,0,7438
1281,2044,3,7443
1282,2045,0,7449
1283,2049,2,7453
1284,2049,3,7462
1285,2050,2,7466
1286,2053,2,7470
1287,2055,4,7475
1288,2057,3,7481
1289,2057,0,7499
1290,2058,2,7503
1291,2061,2,7507
1292,2064,2,7511
1293,2064,5,7521
1294,2064,2,7527
1295,2065,3,7531
1296,2067,1,7536
1297,2069,3,7541
1298,2071,2,7547
1299,2071,4,7553
1300,2072,1,7557
1301,2075,2,7561
1302,2078,3,7565
1303,2078,2,7573
1304,2080,2,7577
1305,2081,3,7581
1306,2084,2,7585
1307,2086,4,7590
1308,2088,4,7596
1309,2088,1,7605
1310,2088,0,7612
1311,2089,1,7618
1312,2092,2,7622
1313,2096,4,7626
1314,2098,4,7630
1315,2099,1,7634
1316,2102,3,7638
1317,2104,1,7643
1318,2106,4,7649
1319,2106,1,7657
1320,2107,2,7661
1321,2109,0,7666
1322,2110,4,7672
1323,2113,1,7677
1324,2115,1,7681
1325,2115,2,7692
1326,2115,4,7702
1327,2118,2,7706
1328,2120,2,7712
1329,2120,0,7721
1330,2121,0,7725
1331,2124,1,7729
1332,2124,3,7739
1333,2127,3,7744
1334,2129,2,7748
1335,2130,0,7752
1336,2132,3,7757
1337,2134,1,7762
1338,2136,2,7768
1339,2138,1,7772
1340,2138,3,7780
1341,2138,3,7787
1342,2141,2,7791
1343,2143,2,7797
1344,2145,1,7801
1345,2146,2,7805
1346,2149,2,7809
1347,2152,2,7813
1348,2154,3,7819
1349,2154,1,7827
1350,2155,3,7831
1351,2157,1,7836
1352,2160,2,7840
1353,2160,1,7848
1354,2162,0,7852
1355,2163,0,7856
1356,2166,2,7860
1357,2169,2,7864
1358,2173,4,7868
1359,2173,1,7878
1360,2173,0,7886
1361,2176,3,7890
1362,2179,2,7894
1363,2181,2,7900
1364,2181,3,7906
1365,2182,0,7910
1366,2183,4,7916
1367,2185,2,7921
1368,2189,4,7925
1369,2189,1,7935
1370,2190,3,7939
1371,2193,2,7943
1372,2196,3,7947
1373,2196,0,7965
1374,2196,2,7971
1375,2197,1,7975
1376,2200,3,7979
1377,2202,1,7984
1378,2204,1,7990
1379,2204,4,7998
1380,2204,2,8004
1381,2206,3,8009
1382,2209,2,8013
1383,2211,3,8019
1384,2211,1,8027
1385,2212,0,8031
1386,2215,0,8035
1387,2218,0,8039
1388,2218,4,8052
1389,2218,5,8069
1390,2218,2,8077
1391,2220,2,8082
1392,2222,4,8087
1393,2222,1,8097
1394,2222,2,8103
1395,2223,1,8107
1396,2226,2,8111
1397,2229,2,8115
1398,2233,4,8119
1399,2233,0,8133
1400,2234,1,8137
1401,2237,2,8141
1402,2240,2,8145
1403,2242,2,8151
1404,2242,0,8163
1405,2243,2,8167
1406,2246,2,8171
1407,2249,2,8175
1408,2251,3,8181
1409,2253,2,8185
1410,2254,3,8189
1411,2255,0,8195
1412,2258,1,8199
1413,2258,6,8207
1414,2258,1,8213
1415,2259,1,8217
1416,2261,4,8222
1417,2262,1,8228
1418,2262,0,8240
1419,2263,4,8245
1420,2264,3,8249
1421,2267,2,8253
1422,2270,2,8257
1423,2272,2,8263
1424,2274,2,8267
1425,2275,3,8271
1426,2277,1,8276
1427,2280,2,8280
1428,2282,3,8286
1429,2282,0,8296
1430,2283,3,8300
1431,2285,1,8305
1432,2286,4,8311
1433,2286,2,8323
1434,2286,3,8329
1435,2287,0,8333
1436,2290,2,8337
1437,2292,0,8342
1438,2292,5,8354
1439,2292,3,8360
1440,2293,2,8364
1441,2296,1,8368
1442,2299,2,8372
1443,2301,2,8378
1444,2303,2,8382
1445,2304,3,8386
1446,2305,0,8392
1447,2307,4,8397
1448,2308,2,8404
1449,2308,0,8411
1450,2308,3,8416
1451,2311,1,8420
1452,2314,0,8424
1453,2314,4,8434
1454,2316,2,8438
1455,2317,1,8442
1456,2320,2,8446
1457,2323,2,8450
1458,2327,4,8454
1459,2327,2,8464
1460,2328,1,8468
1461,2330,4,8473
1462,2331,1,8479
1463,2334,5,8484
1464,2336,4,8488
1465,2337,3,8492
1466,2340,2,8496
1467,2343,2,8500
1468,2345,2,8506
1469,2345,1,8526
1470,2346,0,8530
1471,2348,3,8535
1472,2349,0,8541
1473,2351,1,8547
1474,2351,2,8553
1475,2352,1,8557
1476,2354,4,8562
1477,2357,4,8566
1478,2359,5,8572
1479,2359,3,8580
1480,2359,1,8586
1481,2362,4,8590
1482,2362,1,8598
1483,2365,3,8603
1484,2367,2,8607
1485,2368,0,8611
1486,2370,3,8616
1487,2373,3,8620
1488,2373,2,8629
1489,2374,2,8634
1490,2375,1,8638
1491,2378,0,8642
1492,2381,0,8646
1493,2381,5,8658
1494,2381,4,8666
1495,2382,0,8670
1496,2385,2,8674
1497,2388,2,8678
1498,2388,1,8688
1499,2390,4,8692
1500,2391,2,8696
1501,2394,1,8700
1502,2397,0,8704
1503,2397,4,8726
1504,2397,4,8736
1505,2398,0,8740
1506,2401,2,8744
1507,2404,1,8748
1508,2406,2,8754
1509,2406,0,8762
1510,2407,2,8766
1511,2410,2,8770
1512,2413,2,8774
1513,2415,2,8780
1514,2415,0,8795
1515,2416,2,8799
1516,2419,4,8803
1517,2419,1,8810
1518,2421,1,8816
1519,2421,2,8822
1520,2422,3,8826
1521,2424,0,8831
1522,2427,1,8835
1523,2427,5,8844
1524,2428,4,8849
1525,2429,2,8853
1526,2432,2,8857
1527,2435,2,8861
1528,2437,3,8867
1529,2437,4,8873
1530,2438,2,8877
1531,2440,0,8882
1532,2443,0,8886
1533,2443,5,8904
1534,2443,5,8913
1535,2444,2,8917
1536,2447,2,8921
1537,2450,2,8925
1538,2452,3,8931
1539,2452,4,8937
1540,2453,2,8941
1541,2456,4,8945
1542,2458,2,8950
1543,2462,4,8954
1544,2464,4,8958
1545,2465,2,8962
1546,2468,1,8966
1547,2471,2,8970
1548,2473,3,8976
1549,2473,4,8982
1550,2474,0,8986
1551,2477,2,8990
1552,2479,4,8995
1553,2479,0,9004
1554,2479,4,9010
1555,2480,1,9014
1556,2483,0,9018
1557,2485,2,9023
1558,2487,2,9029
1559,2489,1,9033
1560,2490,2,9037
1561,2493,2,9041
1562,2495,4,9046
1563,2496,2,9053
1564,2497,5,9058
1565,2498,2,9062
1566,2501,2,9066
1567,2503,0,9071
1568,2507,2,9075
1569,2509,1,9079
1570,2510,1,9083
1571,2513,2,9087
1572,2516,2,9091
1573,2518,2,9097
1574,2518,0,9109
1575,2519,1,9113
1576,2521,4,9118
1577,2522,1,9124
1578,2524,4,9130
1579,2524,0,9138
1580,2524,0,9144
1581,2527,3,9148
1582,2530,4,9152
1583,2530,2,9163
1584,2530,1,9170
1585,2530,2,9175
1586,2532,0,9180
1587,2534,2,9185
1588,2535,0,9192
1589,2535,5,9201
1590,2535,3,9206
1591,2538,2,9210
1592,2540,0,9215
1593,2542,3,9221
1594,2542,4,9230
1595,2543,2,9234
1596,2546,4,9238
1597,2546,0,9245
1598,2548,1,9251
1599,2548,5,9257
1600,2549,3,9261
1601,2551,0,9266
1602,2552,4,9272
1603,2553,3,9279
1604,2555,2,9283
1605,2556,2,9287
1606,2559,2,9291
1607,2561,4,9296
1608,2561,0,9311
1609,2561,1,9318
1610,2562,3,9322
1611,2564,1,9327
1612,2567,2,9331
1613,2569,3,9337
1614,2571,2,9341
1615,2572,3,9345
1616,2573,0,9351
1617,2576,0,9355
1618,2576,6,9363
1619,2576,0,9369
1620,2577,0,9373
1621,2580,2,9377
1622,2583,2,9381
1623,2583,3,9396
1624,2583,2,9402
1625,2584,2,9406
1626,2586,0,9411
1627,2587,3,9417
1628,2589,3,9423
1629,2591,2,9427
1630,2592,1,9431
1631,2595,2,9435
1632,2598,3,9439
1633,2598,2,9447
1634,2600,2,9451
1635,2601,0,9455
1636,2604,2,9459
1637,2607,2,9463
1638,2609,2,9469
1639,2609,3,9475
1640,2610,2,9479
1641,2613,2,9483
1642,2615,0,9488
1643,2617,0,9494
1644,2619,0,9498
1645,2619,3,9508
1646,2622,0,9512
1647,2624,2,9517
1648,2628,4,9521
1649,2628,2,9531
1650,2629,2,9535
1651,2632,2,9539
1652,2635,2,9543
1653,2635,2,9558
1654,2635,2,9564
1655,2636,3,9568
1656,2637,0,9574
1657,2639,2,9579
1658,2641,3,9585
1659,2643,2,9589
1660,2644,1,9593
1661,2647,3,9597
1662,2647,0,9604
1663,2651,2,9608
1664,2653,1,9612
1665,2654,2,9616
1666,2656,0,9621
1667,2658,2,9626
1668,2660,3,9632
1669,2662,2,9636
1670,2663,1,9640
1671,2666,0,9644
1672,2668,2,9649
1673,2670,2,9655
1674,2672,2,9659
1675,2673,0,9663
1676,2675,3,9668
1677,2678,2,9672
1678,2678,5,9708
1679,2678,1,9717
1680,2678,0,9723
1681,2680,1,9728
1682,2681,4,9734
1683,2683,4,9740
1684,2683,1,9747
1685,2684,2,9751
1686,2687,2,9755
1687,2690,2,9759
1688,2692,2,9765
1689,2692,0,9779
1690,2693,2,9783
1691,2696,2,9787
1692,2699,2,9791
1693,2703,4,9795
1694,2703,2,9805
1695,2703,0,9813
1696,2703,1,9820
1697,2706,1,9824
1698,2706,5,9841
1699,2708,2,9845
1700,2709,0,9849
1701,2711,3,9854
1702,2714,2,9858
1703,2714,1,9867
1704,2715,1,9872
1705,2716,2,9876
1706,2719,2,9880
1707,2722,2,9884
1708,2722,4,9907
1709,2722,1,9913
1710,2723,3,9917
1711,2726,2,9921
1712,2729,1,9925
1713,2729,4,9933
1714,2729,5,9943
1715,2730,0,9947
1716,2733,2,9951
1717,2736,2,9955
1718,2738,2,9961
1719,2740,2,9965
1720,2741,2,9969
1721,2744,4,9973
1722,2746,2,9978
1723,2746,1,9998
1724,2746,1,10007
1725,2747,3,10011
1726,2749,1,10016
1727,2752,2,10020
1728,2754,2,10026
1729,2754,0,10036
1730,2754,3,10042
1731,2756,2,10047
1732,2759,2,10051
1733,2761,2,10057
1734,2761,4,10063
1735,2762,3,10067
1736,2763,0,10073
1737,2765,2,10078
1738,2767,3,10084
1739,2769,2,10088
1740,2770,2,1
1741,2773,1,5
1742,2776,2,9
1743,2776,1,17
1744,2776,2,23
1745,2777,1,27
1746,2780,3,31
1747,2783,4,35
1748,2783,2,59
1749,2783,2,67
1750,2783,2,73
1751,2784,0,79
1752,2786,2,84
1753,2788,3,90
1754,2788,0,98
1755,2789,0,102
1756,2792,1,106
1757,2795,1,110
1758,2795,5,127
1759,2797,2,131
1760,2798,1,135
1761,2801,3,139
1762,2804,2,143
1763,2804,1,153
1764,2804,2,159
1765,2805,1,163
1766,2808,2,167
1767,2810,4,172
1768,2810,1,181
1769,2811,1,186
1770,2812,2,190
1771,2814,0,195
1772,2815,3,201
1773,2817,4,207
1774,2817,0,214
1775,2818,2,218
1776,2821,2,222
1777,2824,1,226
1778,2824,4,234
1779,2826,2,238
1780,2827,2,242
1781,2830,4,246
1782,2830,0,253
1783,2833,6,258
1784,2833,1,265
1785,2833,1,270
1786,2835,4,275
1787,2837,2,280
1788,2839,2,286
1789,2841,2,290
1790,2842,2,294
1791,2845,2,298
1792,2847,0,303
1793,2849,1,309
1794,2849,3,317
1795,2849,2,323
1796,2852,0,327
1797,2855,1,331
1798,2855,0,339
1799,2857,0,343
1800,2857,3,349
1801,2860,0,353
1802,2860,4,361
1803,2860,3,369
1804,2860,4,376
1805,2861,2,380
1806,2864,1,384
1807,2867,1,388
1808,2867,5,398
1809,2867,0,404
1810,2868,1,408
1811,2871,0,412
1812,2871,3,419
1813,2874,2,424
1814,2876,2,428
1815,2877,3,432
1816,2878,0,438
1817,2880,2,443
1818,2882,2,449
1819,2884,2,453
1820,2885,2,457
1821,2888,3,461
1822,2888,0,468
1823,2892,2,472
1824,2894,2,476
1825,2895,2,480
1826,2898,2,484
1827,2901,3,488
1828,2901,1,507
1829,2901,2,513
1830,2902,2,517
1831,2904,0,522
1832,2905,3,528
1833,2907,3,534
1834,2907,4,540
1835,2908,3,544
1836,2910,1,549
1837,2911,4,555
1838,2913,1,561
1839,2913,2,568
1840,2913,3,573
1841,2916,2,577
1842,2918,4,582
1843,2919,2,589
1844,2919,0,599
1845,2920,2,603
1846,2923,4,607
1847,2926,3,611
1848,2928,3,617
1849,2928,2,629
1850,2929,0,633
1851,2932,2,637
1852,2935,2,641
1853,2935,0,651
1854,2937,4,655
1855,2938,1,659
1856,2941,0,663
1857,2941,2,670
1858,2944,2,675
1859,2944,3,682
1860,2944,3,687
1861,2947,2,691
1862,2950,2,695
1863,2954,4,699
1864,2954,1,709
1865,2955,2,713
1866,2958,2,717
1867,2960,0,722
1868,2964,2,726
1869,2966,2,730
1870,2967,2,734
1871,2970,3,738
1872,2973,2,742
1873,2977,4,746
1874,2977,1,756
1875,2978,2,760
1876,2981,4,764
1877,2983,2,769
1878,2985,2,775
1879,2987,2,779
1880,2988,0,783
1881,2991,0,787
1882,2993,2,792
1883,2994,0,799
1884,2995,3,804
1885,2996,3,808
1886,2998,1,813
1887,2999,4,819
1888,2999,0,828
1889,2999,4,834
1890,3000,2,838
1891,3002,0,843
1892,3003,4,849
1893,3006,1,854
1894,3006,3,863
1895,3007,1,867
1896,3010,2,871
1897,3012,4,876
1898,3012,0,891
1899,3012,2,897
1900,3013,2,901
1901,3016,1,905
1902,3018,3,910
1903,3018,1,925
1904,3020,4,929
1905,3020,0,937
1906,3020,0,944
1907,3023,2,948
1908,3024,5,955
1909,3026,5,959
1910,3026,0,968
1911,3029,4,972
1912,3029,2,982
1913,3029,2,991
1914,3029,0,1002
1915,3030,3,1006
1916,3030,0,1013
1917,3033,4,1017
1918,3034,1,1024
1919,3034,2,1032
1920,3034,3,1037
1921,3037,0,1041
1922,3037,3,1048
1923,3039,4,1054
1924,3039,0,1060
1925,3040,3,1064
1926,3043,4,1068
1927,3043,1,1075
1928,3045,2,1081
1929,3047,1,1085
1930,3048,1,1089
1931,3051,0,1093
1932,3054,1,1097
1933,3054,0,1105
1934,3056,0,1109
1935,3056,2,1115
1936,3058,3,1120
1937,3061,2,1124
1938,3063,3,1130
1939,3063,1,1138
1940,3064,1,1142
1941,3066,4,1147
1942,3068,2,1152
1943,3070,2,1158
1944,3072,2,1162
1945,3073,0,1166
1946,3073,4,1176
1947,3076,2,1180
1948,3078,2,1186
1949,3080,2,1190
1950,3081,3,1194
1951,3082,0,1200
1952,3084,4,1205
1953,3085,3,1212
1954,3086,5,1217
1955,3087,3,1221
1956,3090,4,1225
1957,3092,2,1230
1958,3096,4,1234
1959,3096,1,1244
1960,3097,2,1248
1961,3100,4,1252
1962,3100,0,1259
1963,3103,4,1264
1964,3103,2,1271
1965,3103,0,1276
1966,3106,3,1280
1967,3109,2,1284
1968,3111,2,1290
1969,3111,4,1296
1970,3112,3,1300
1971,3115,4,1304
1972,3115,1,1311
1973,3115,1,1327
1974,3117,4,1331
1975,3118,1,1335
1976,3121,2,1339
1977,3124,2,1343
1978,3126,2,1349
1979,3126,0,1361
1980,3127,2,1365
1981,3130,4,1369
1982,3133,4,1373
1983,3133,2,1383
1984,3133,2,1389
1985,3134,2,1393
1986,3137,4,1397
1987,3137,1,1404
1988,3139,2,1410
1989,3141,1,1414
1990,3142,2,1418
1991,3145,2,1422
1992,3148,1,1426
1993,3148,1,1443
1994,3150,2,1447
1995,3151,1,1451
1996,3154,0,1455
1997,3154,2,1462
1998,3157,0,1467
1999,3157,1,1474
2000,3157,2,1479
2001,3160,2,1483
2002,3163,2,1487
2003,3165,3,1493
2004,3165,0,1505
2005,3166,1,1509
2006,3169,0,1513
2007,3169,4,1520
2008,3172,0,1525
2009,3174,0,1529
2010,3175,1,1533
2011,3178,0,1537
2012,3181,1,1541
2013,3183,2,1547
2014,3183,3,1553
2015,3184,3,1557
2016,3185,0,1563
2017,3188,1,1567
2018,3190,2,1573
2019,3190,3,1579
2020,3191,2,1583
2021,3193,0,1588
2022,3194,4,1594
2023,3197,1,1599
2024,3197,2,1608
2025,3198,0,1612
2026,3201,0,1616
2027,3204,1,1620
2028,3206,2,1626
2029,3208,2,1630
2030,3209,1,1634
2031,3212,0,1638
2032,3214,2,1643
2033,3215,0,1650
2034,3216,3,1655
2035,3217,1,1659
2036,3220,1,1663
2037,3222,3,1668
2038,3224,4,1674
2039,3224,0,1683
2040,3224,0,1690
2041,3225,0,1696
2042,3227,2,1701
2043,3229,1,1707
2044,3229,3,1713
2045,3230,0,1717
2046,3231,4,1723
2047,3233,2,1728
2048,3237,4,1732
2049,3237,0,1743
2050,3238,3,1747
2051,3240,1,1752
2052,3242,3,1757
2053,3244,3,1763
2054,3246,2,1767
2055,3247,1,1771
2056,3249,4,1776
2057,3251,2,1781
2058,3255,4,1785
2059,3255,1,1795
2060,3256,1,1799
2061,3259,2,1803
2062,3261,4,1808
2063,3261,1,1817
2064,3262,1,1822
2065,3262,3,1827
2066,3265,1,1831
2067,3268,2,1835
2068,3270,2,1841
2069,3270,4,1847
2070,3271,0,1851
2071,3273,4,1856
2072,3276,3,1860
2073,3278,4,1866
2074,3278,2,1874
2075,3278,0,1880
2076,3280,1,1885
2077,3283,0,1889
2078,3283,5,1900
2079,3285,2,1904
2080,3286,2,1908
2081,3289,1,1912
2082,3292,0,1916
2083,3296,2,1920
2084,3296,0,1930
2085,3296,3,1942
2086,3298,0,1947
2087,3298,4,1960
2088,3298,6,1970
2089,3300,0,1974
2090,3301,0,1978
2091,3301,3,1993
2092,3304,2,1997
2093,3308,4,2001
2094,3308,1,2011
2095,3308,0,2019
2096,3308,1,2026
2097,3311,0,2030
2098,3313,1,2036
2099,3313,4,2045
2100,3313,2,2051
2101,3315,1,2056
2102,3317,3,2061
2103,3318,1,2068
2104,3319,5,2073
2105,3319,1,2078
2106,3322,2,2082
2107,3325,1,2086
2108,3327,2,2092
2109,3327,0,2100
2110,3328,1,2104
2111,3331,3,2108
2112,3334,4,2112
2113,3334,0,2125
2114,3334,2,2133
2115,3334,1,2139
2116,3336,2,2144
2117,3338,4,2149
2118,3340,4,2155
2119,3342,4,2159
2120,3342,0,2169
2121,3342,1,2178
2122,3343,0,2184
2123,3345,1,2190
2124,3345,5,2197
2125,3345,3,2202
2126,3348,0,2206
2127,3350,2,2211
2128,3354,4,2215
2129,3354,2,2225
2130,3355,2,2229
2131,3358,2,2233
2132,3361,2,2237
2133,3361,1,2254
2134,3363,4,2258
2135,3364,1,2262
2136,3367,2,2266
2137,3370,2,2270
2138,3372,3,2276
2139,3372,0,2288
2140,3373,2,2292
2141,3375,0,2297
2142,3377,2,2302
2143,3379,2,2308
2144,3381,2,2312
2145,3382,0,2316
2146,3384,3,2321
2147,3385,0,2327
2148,3387,3,2333
2149,3387,5,2341
2150,3388,1,2345
2151,3391,0,2349
2152,3393,2,2354
2153,3393,5,2366
2154,3395,4,2370
2155,3396,2,2374
2156,3399,2,2378
2157,3402,2,2382
2158,3402,1,2397
2159,3402,1,2403
2160,3403,0,2407
2161,3405,3,2412
2162,3407,1,2417
2163,3409,2,2423
2164,3409,0,2431
2165,3410,2,2435
2166,3412,0,2440
2167,3414,2,2445
2168,3416,3,2451
2169,3418,2,2455
2170,3419,2,2459
2171,3421,0,2464
2172,3422,3,2470
2173,3424,2,2476
2174,3426,2,2480
2175,3427,1,2484
2176,3430,3,2488
2177,3433,2,2492
2178,3433,1,2502
2179,3435,4,2506
2180,3436,1,2510
2181,3439,2,2514
2182,3442,2,2518
2183,3444,2,2524
2184,3446,2,2528
2185,3447,1,2532
2186,3449,4,2537
2187,3450,0,2543
2188,3454,2,2547
2189,3456,2,2551
2190,3457,3,2555
2191,3459,1,2560
2192,3462,2,2564
2193,3462,5,2573
2194,3464,4,2577
2195,3465,2,2581
2196,3468,1,2585
2197,3471,0,2589
2198,3475,2,2593
2199,3475,5,2607
2200,3475,3,2619
2201,3477,0,2624
2202,3479,2,2629
2203,3483,4,2633
2204,3485,4,2637
2205,3485,0,2649
2206,3487,2,2654
2207,3489,0,2659
2208,3491,3,2665
2209,3491,5,2675
2210,3492,0,2679
2211,3495,2,2683
2212,3498,2,2687
2213,3500,2,2693
2214,3502,2,2697
2215,3503,2,2701
2216,3506,4,2705
2217,3506,1,2712
2218,3506,1,2730
2219,3506,1,2736
2220,3507,2,2740
2221,3510,2,2744
2222,3512,0,2749
2223,3514,1,2755
2224,3516,0,2759
2225,3516,2,2767
2226,3516,4,2774
2227,3518,2,2779
2228,3520,2,2785
2229,3522,2,2789
2230,3523,1,2793
2231,3526,2,2797
2232,3529,2,2801
2233,3531,2,2807
2234,3533,1,2811
2235,3534,1,2815
2236,3537,3,2819
2237,3540,4,2823
2238,3542,5,2829
2239,3542,3,2837
2240,3543,2,2841
2241,3545,0,2846
2242,3547,2,2851
2243,3551,4,2855
2244,3551,1,2865
2245,3552,1,2869
2246,3555,0,2873
2247,3555,4,2880
2248,3556,3,2887
2249,3557,1,2892
2250,3557,3,2897
2251,3560,4,2901
2252,3562,2,2906
2253,3564,3,2912
2254,3564,1,2920
2255,3565,0,2924
2256,3568,0,2928
2257,3570,2,2933
2258,3571,0,2940
2259,3572,3,2945
2260,3573,3,2949
2261,3576,4,2953
2262,3578,2,2958
2263,3580,3,2964
2264,3580,1,2972
2265,3581,1,2976
2266,3584,0,2980
2267,3584,3,2987
2268,3586,4,2993
2269,3586,0,2999
2270,3587,3,3003
2271,3589,0,3008
2272,3591,2,3013
2273,3595,4,3017
2274,3595,1,3027
2275,3596,3,3031
2276,3599,4,3035
2277,3599,0,3047
2278,3602,4,3052
2279,3602,0,3066
2280,3603,2,3070
2281,3606,2,3074
2282,3608,0,3079
2283,3612,2,3083
2284,3612,5,3096
2285,3613,2,3100
2286,3616,2,3104
2287,3619,2,3108
2288,3623,4,3112
2289,3623,1,3122
2290,3624,2,3126
2291,3627,2,3130
2292,3629,4,3135
2293,3631,4,3141
2294,3633,4,3145
2295,3634,2,3149
2296,3637,2,3153
2297,3640,3,3157
2298,3640,0,3195
2299,3640,2,3201
2300,3641,1,3205
2301,3644,2,3209
2302,3647,2,3213
2303,3651,4,3217
2304,3651,2,3227
2305,3651,0,3235
2306,3651,1,3242
2307,3654,4,3246
2308,3656,4,3252
2309,3656,2,3261
2310,3656,0,3268
2311,3657,1,3274
2312,3660,1,3278
2313,3662,2,3284
2314,3662,5,3296
2315,3663,0,3300
2316,3666,2,3304
2317,3668,0,3309
2318,3672,2,3313
2319,3672,4,3324
2320,3673,1,3328
2321,3676,3,3332
2322,3679,4,3336
2323,3681,4,3342
2324,3681,2,3352
2325,3682,2,3356
2326,3685,3,3360
2327,3688,2,3364
2328,3688,1,3383
2329,3688,1,3398
2330,3689,2,3402
2331,3692,2,3406
2332,3695,3,3410
2333,3695,6,3430
2334,3695,2,3436
2335,3696,2,3440
2336,3699,2,3444
2337,3702,2,3448
2338,3704,2,3454
2339,3706,2,3458
2340,3707,2,3462
2341,3710,2,3466
2342,3713,2,3470
2343,3713,0,3521
2344,3713,1,3527
2345,3714,2,3531
2346,3716,0,3536
2347,3718,2,3541
2348,3720,3,3547
2349,3720,0,3555
2350,3721,3,3559
2351,3723,1,3564
2352,3726,2,3568
2353,3726,1,3576
2354,3728,1,3580
2355,3729,1,3584
2356,3732,3,3588
2357,3732,0,3595
2358,3736,4,3599
2359,3736,0,3609
2360,3737,2,3613
2361,3739,0,3618
2362,3742,1,3622
2363,3744,1,3628
2364,3744,2,3634
2365,3745,3,3638
2366,3748,2,3642
2367,3750,0,3647
2368,3752,1,3653
2369,3752,2,3659
2370,3753,3,3663
2371,3755,0,3668
2372,3758,0,3672
2373,3758,5,3681
2374,3760,1,3685
2375,3761,1,3689
2376,3764,2,3693
2377,3766,4,3698
2378,3767,2,3705
2379,3769,2,3709
2380,3770,1,3713
2381,3773,0,3717
2382,3775,2,3722
2383,3776,0,3729
2384,3777,4,3734
2385,3778,2,3738
2386,3781,2,3742
2387,3783,4,3747
2388,3783,2,3761
2389,3783,1,3768
2390,3783,0,3773
2391,3785,4,3778
2392,3786,0,3784
2393,3788,4,3790
2394,3788,1,3796
2395,3789,1,3800
2396,3792,0,3804
2397,3795,0,3808
2398,3799,2,3812
2399,3799,0,3822
2400,3800,2,3826
2401,3803,4,3830
2402,3803,1,3837
2403,3803,0,3849
2404,3805,2,3853
2405,3806,1,3857
2406,3809,2,3861
2407,3811,4,3866
2408,3811,0,3882
2409,3811,1,3889
2410,3811,0,3894
2411,3813,3,3899
2412,3814,0,3905
2413,3816,0,3911
2414,3816,5,3919
2415,3817,0,3923
2416,3820,0,3927
2417,3820,2,3934
2418,3824,4,3938
2419,3824,0,3946
2420,3825,2,3950
2421,3828,4,3954
2422,3831,3,3958
2423,3831,0,3971
2424,3831,1,3981
2425,3832,2,3985
2426,3835,1,3989
2427,3838,2,3993
2428,3838,1,4001
2429,3838,2,4007
2430,3839,0,4011
2431,3840,4,4017
2432,3842,2,4022
2433,3846,4,4026
2434,3846,0,4037
2435,3847,3,4041
2436,3849,1,4046
2437,3851,3,4051
2438,3853,2,4057
2439,3853,3,4065
2440,3854,1,4069
2441,3856,4,4074
2442,3857,1,4080
2443,3860,5,4085
2444,3860,0,4094
2445,3860,0,4101
2446,3861,0,4107
2447,3863,3,4112
2448,3865,3,4118
2449,3867,2,4122
2450,3868,1,4126
2451,3871,3,4130
2452,3874,3,4134
2453,3876,3,4140
2454,3878,2,4144
2455,3879,1,4148
2456,3881,4,4153
2457,3882,0,4159
2458,3886,2,4163
2459,3888,1,4167
2460,3889,0,4171
2461,3892,0,4175
2462,3895,0,4179
2463,3899,2,4183
2464,3899,0,4193
2465,3900,2,4197
2466,3903,1,4201
2467,3905,3,4206
2468,3907,3,4212
2469,3909,2,4216
2470,3910,0,4220
2471,3912,3,4225
2472,3915,4,4229
2473,3917,4,4235
2474,3917,1,4246
2475,3918,1,4250
2476,3921,2,4254
2477,3924,3,4258
2478,3924,2,4266
2479,3926,2,4270
2480,3927,3,4274
2481,3929,1,4279
2482,3931,3,4284
2483,3932,1,4291
2484,3932,2,4298
2485,3932,2,4303
2486,3935,2,4307
2487,3937,0,4312
2488,3941,2,4316
2489,3943,2,4320
2490,3944,0,4324
2491,3946,3,4329
2492,3949,2,4333
2493,3951,2,4339
2494,3951,4,4345
2495,3952,0,4349
2496,3954,4,4354
2497,3955,0,4360
2498,3959,2,4364
2499,3959,4,4373
2500,3959,3,4380
2501,3960,4,4386
2502,3962,2,4391
2503,3966,4,4395
2504,3966,0,4412
2505,3967,2,4416
2506,3970,2,4420
2507,3973,2,4424
2508,3975,2,4430
2509,3977,2,4434
2510,3978,1,4438
2511,3981,0,4442
2512,3983,2,4447
2513,3985,2,4453
2514,3985,3,4469
2515,3986,2,4473
2516,3988,0,4478
2517,3989,4,4484
2518,3992,1,4489
2519,3992,3,4498
2520,3992,2,4505
2521,3995,0,4509
2522,3995,3,4518
2523,3998,2,4523
2524,3998,0,4530
2525,3998,3,4539
2526,3998,4,4547
2527,4001,2,4551
2528,4005,4,4555
2529,4005,2,4565
2530,4005,0,4573
2531,4005,0,4580
2532,4008,0,4584
2533,4010,0,4590
2534,4010,4,4599
2535,4010,1,4605
2536,4012,1,4610
2537,4015,2,4614
2538,4019,4,4618
2539,4019,0,4630
2540,4020,2,4634
2541,4023,4,4638
2542,4023,1,4645
2543,4025,1,4651
2544,4025,3,4657
2545,4026,0,4661
2546,4029,2,4665
2547,4031,0,4670
2548,4035,2,4674
2549,4037,2,4678
2550,4038,2,4682
2551,4041,2,4686
2552,4043,0,4691
2553,4043,4,4710
2554,4045,2,4714
2555,4046,0,4718
2556,4046,4,4729
2557,4049,1,4733
2558,4051,2,4739
2559,4053,2,4743
2560,4054,2,4747
2561,4057,1,4751
2562,4060,2,4755
2563,4064,4,4759
2564,4064,1,4769
2565,4065,2,4773
2566,4068,2,4777
2567,4071,2,4781
2568,4071,1,4796
2569,4071,2,4802
2570,4072,0,4806
2571,4074,3,4811
2572,4077,4,4815
2573,4077,1,4824
2574,4078,0,4829
2575,4079,1,4833
2576,4082,0,4837
2577,4082,4,4844
2578,4084,5,4850
2579,4086,4,4854
2580,4087,1,4858
2581,4090,2,4862
2582,4092,4,4867
2583,4094,4,4873
2584,4094,2,4881
2585,4095,1,4885
2586,4098,3,4889
2587,4101,2,4893
2588,4101,1,4911
2589,4101,1,4921
2590,4102,1,4925
2591,4104,4,4930
2592,4107,4,4934
2593,4107,1,4943
2594,4107,2,4952
2595,4107,0,4957
2596,4110,2,4961
2597,4113,1,4965
2598,4115,2,4971
2599,4117,1,4975
2600,4118,1,4979
2601,4121,2,4983
2602,4124,1,4987
2603,4124,4,5006
2604,4124,4,5021
2605,4125,1,5025
2606,4128,2,5029
2607,4131,2,5033
2608,4135,4,5037
2609,4135,1,5047
2610,4135,0,5055
2611,4137,2,5060
2612,4140,3,5064
2613,4142,4,5070
2614,4142,2,5078
2615,4143,2,5082
2616,4146,2,5086
2617,4149,2,5090
2618,4151,2,5096
2619,4153,2,5100
2620,4154,2,5104
2621,4157,2,5108
2622,4159,4,5113
2623,4159,1,5144
2624,4159,1,5151
2625,4159,0,5156
2626,4162,0,5160
2627,4162,2,5167
2628,4165,2,5172
2629,4165,3,5179
2630,4166,1,5183
2631,4169,2,5187
2632,4171,4,5192
2633,4173,4,5198
2634,4173,0,5209
2635,4174,1,5213
2636,4177,2,5217
2637,4180,2,5221
2638,4180,2,5237
2639,4180,1,5243
2640,4181,1,5247
2641,4184,0,5251
2642,4187,0,5255
2643,4191,2,5259
2644,4191,0,5269
2645,4192,1,5273
2646,4195,2,5277
2647,4198,2,5281
2648,4200,3,5287
2649,4202,2,5291
2650,4203,3,5295
2651,4206,2,5299
2652,4209,2,5303
2653,4209,1,5329
2654,4211,4,5333
2655,4212,2,5337
2656,4215,2,5341
2657,4218,2,5345
2658,4222,4,5349
2659,4222,1,5368
2660,4223,3,5372
2661,4225,1,5377
2662,4227,3,5382
2663,4229,2,5388
2664,4231,2,5392
2665,4232,3,5396
2666,4234,1,5401
2667,4237,2,5405
2668,4241,4,5409
2669,4243,4,5413
2670,4244,2,5417
2671,4247,2,5421
2672,4250,2,5425
2673,4250,3,5444
2674,4250,2,5450
2675,4251,1,5454
2676,4253,4,5459
2677,4256,3,5463
2678,4258,3,5469
2679,4260,2,5473
2680,4261,3,5477
2681,4264,3,5481
2682,4267,2,5485
2683,4269,3,5491
2684,4269,1,5499
2685,4270,2,5503
2686,4273,1,5507
2687,4273,3,5514
2688,4277,2,5518
2689,4279,1,5522
2690,4280,2,5526
2691,4283,3,5530
2692,4285,1,5535
2693,4287,2,5541
2694,4287,0,5549
2695,4288,1,5553
2696,4291,1,5557
2697,4294,0,5561
2698,4298,2,5565
2699,4298,3,5577
2700,4299,2,5581
2701,4302,2,5585
2702,4305,2,5589
2703,4307,2,5595
2704,4309,2,5599
2705,4310,3,5603
2706,4313,4,5607
2707,4315,2,5612
2708,4319,4,5616
2709,4319,1,5626
2710,4320,1,5630
2711,4323,0,5634
2712,4325,2,5639
2713,4327,1,5645
2714,4327,2,5653
2715,4328,0,5657
2716,4331,0,5661
2717,4331,2,5668
2718,4334,0,5673
2719,4334,3,5680
2720,4334,3,5685
2721,4337,2,5689
2722,4339,0,5694
2723,4341,1,5700
2724,4341,5,5711
2725,4342,0,5715
2726,4344,3,5720
2727,4346,1,5725
2728,4346,0,5733
2729,4346,4,5739
2730,4347,3,5743
2731,4350,3,5747
2732,4353,4,5751
2733,4353,3,5759
2734,4353,1,5772
2735,4354,3,5776
2736,4354,0,5788
2737,4357,4,5792
2738,4359,4,5798
2739,4359,0,5812
2740,4360,1,5816
2741,4363,2,5820
2742,4366,2,5824
2743,4366,0,5843
2744,4368,4,5847
2745,4369,1,5851
2746,4372,0,5855
2747,4372,4,5862
2748,4373,3,5869
2749,4374,5,5874
2750,4375,3,5878
2751,4375,1,5885
2752,4378,2,5889
2753,4380,3,5895
2754,4382,2,5899
2755,4383,2,5903
2756,4386,2,5907
2757,4388,4,5912
2758,4389,2,5919
2759,4389,0,5938
2760,4390,0,5942
2761,4392,3,5947
2762,4395,2,5951
2763,4397,3,5957
2764,4397,1,5965
2765,4398,0,5969
2766,4401,0,5973
2767,4403,2,5978
2768,4407,4,5982
2769,4407,1,5992
2770,4407,0,6000
2771,4407,1,6007
2772,4410,2,6011
2773,4410,1,6019
2774,4412,0,6023
2775,4412,2,6029
2776,4414,1,6034
2777,4416,3,6039
2778,4418,2,6045
2779,4418,3,6053
2780,4419,0,6057
2781,4419,3,6064
2782,4422,4,6068
2783,4423,3,6075
2784,4424,5,6080
2785,4424,1,6085
2786,4427,0,6089
2787,4429,2,6094
2788,4433,4,6098
2789,4433,1,6108
2790,4434,2,6112
2791,4437,2,6116
2792,4440,1,6120
2793,4442,1,6126
2794,4442,2,6132
2795,4443,2,6136
2796,4445,0,6141
2797,4447,2,6146
2798,4448,0,6153
2799,4449,3,6158
2800,4450,2,6162
2801,4453,2,6166
2802,4455,4,6171
2803,4455,0,6182
2804,4455,2,6188
2805,4456,3,6192
2806,4458,1,6197
2807,4461,2,6201
2808,4461,6,6210
2809,4461,2,6216
2810,4462,1,6220
2811,4464,4,6225
2812,4466,2,6230
2813,4466,1,6238
2814,4468,4,6242
2815,4469,1,6246
2816,4472,2,6250
2817,4474,0,6255
2818,4474,5,6265
2819,4474,4,6271
2820,4475,3,6275
2821,4477,1,6280
2822,4480,2,6284
2823,4482,2,6290
2824,4484,1,6294
2825,4485,1,6298
2826,4488,2,6302
2827,4491,2,6306
2828,4495,4,6310
2829,4495,1,6320
2830,4496,1,6324
2831,4499,2,6328
2832,4501,4,6333
2833,4503,3,6339
2834,4503,0,6350
2835,4504,3,6354
2836,4507,2,6358
2837,4509,4,6363
2838,4509,1,6378
2839,4509,0,6389
2840,4509,0,6395
2841,4511,1,6400
2842,4514,2,6404
2843,4514,1,6412
2844,4514,2,6418
2845,4515,2,6422
2846,4518,2,6426
2847,4520,4,6431
2848,4520,1,6441
2849,4520,2,6447
2850,4521,0,6451
2851,4524,2,6455
2852,4527,3,6459
2853,4527,1,6469
2854,4527,0,6475
2855,4528,3,6479
2856,4530,0,6484
2857,4533,1,6488
2858,4533,4,6497
2859,4534,4,6502
2860,4535,1,6506
2861,4538,0,6510
2862,4540,2,6515
2863,4542,2,6521
2864,4542,5,6533
2865,4543,1,6537
2866,4546,0,6541
2867,4546,2,6548
2868,4548,3,6554
2869,4548,1,6560
2870,4549,1,6564
2871,4552,2,6568
2872,4555,1,6572
2873,4557,2,6578
2874,4559,2,6582
2875,4560,1,6586
2876,4562,4,6591
2877,4563,0,6597
2878,4565,1,6603
2879,4567,0,6607
2880,4567,2,6615
2881,4567,3,6622
2882,4570,3,6626
2883,4571,1,6633
2884,4571,2,6640
2885,4571,2,6645
2886,4574,4,6649
2887,4574,1,6656
2888,4574,0,6667
2889,4574,1,6673
2890,4575,3,6677
2891,4578,2,6681
2892,4581,3,6685
2893,4583,3,6691
2894,4583,1,6701
2895,4584,0,6705
2896,4586,3,6710
2897,4589,2,6714
2898,4589,0,6723
2899,4591,4,6727
2900,4591,0,6734
2901,4594,4,6738
2902,4594,0,6747
2903,4596,2,6753
2904,4596,5,6759
2905,4597,3,6763
2906,4600,2,6767
2907,4603,2,6771
2908,4605,3,6777
2909,4605,4,6783
2910,4606,3,6787
2911,4609,2,6791
2912,4612,2,6795
2913,4616,4,6799
2914,4618,4,6803
2915,4618,0,6815
2916,4621,3,6819
2917,4623,1,6824
2918,4623,0,6840
2919,4623,4,6846
2920,4624,2,6850
2921,4627,4,6854
2922,4629,2,6859
2923,4633,4,6863
2924,4633,2,6873
2925,4634,1,6877
2926,4637,0,6881
2927,4637,4,6888
2928,4640,2,6893
2929,4640,4,6902
2930,4641,0,6906
2931,4644,0,6910
2932,4644,3,6921
2933,4644,4,6931
2934,4644,4,6937
2935,4645,1,6941
2936,4648,3,6945
2937,4651,4,6949
2938,4651,0,6961
2939,4653,5,6965
2940,4654,2,6969
2941,4657,4,6973
2942,4659,2,6978
2943,4663,4,6982
2944,4663,1,6995
2945,4663,0,7005
2946,4663,1,7014
2947,4666,2,7018
2948,4670,4,7022
2949,4670,1,7035
2950,4671,2,7039
2951,4674,1,7043
2952,4677,1,7047
2953,4677,5,7057
2954,4677,0,7063
2955,4678,2,7067
2956,4681,4,7071
2957,4681,1,7078
2958,4683,2,7084
2959,4683,0,7092
2960,4684,2,7096
2961,4687,3,7100
2962,4689,1,7105
2963,4691,2,7111
2964,4693,2,7115
2965,4694,2,7119
2966,4697,2,7123
2967,4700,2,7127
2968,4702,2,7133
2969,4704,1,7137
2970,4705,1,7141
2971,4708,2,7145
2972,4710,0,7150
2973,4710,4,7164
2974,4712,2,7168
2975,4713,0,7172
2976,4716,2,7176
2977,4718,0,7181
2978,4722,2,7185
2979,4724,1,7189
2980,4725,1,7193
2981,4727,4,7198
2982,4729,2,7203
2983,4729,1,7211
2984,4731,4,7215
2985,4732,2,7219
2986,4735,2,7223
2987,4738,2,7227
2988,4738,1,7240
2989,4740,4,7244
2990,4741,3,7248
2991,4743,1,7253
2992,4745,3,7258
2993,4747,4,7264
2994,4747,1,7272
2995,4747,0,7278
2996,4749,1,7283
2997,4750,4,7289
2998,4753,2,7294
2999,4755,2,7298
3000,4756,3,7302
3001,4757,0,7308
3002,4759,2,7313
3003,4761,2,7319
3004,4761,0,7327
3005,4762,2,7331
3006,4765,4,7335
3007,4765,1,7342
3008,4767,2,7348
3009,4767,0,7356
3010,4768,1,7360
3011,4771,3,7364
3012,4771,0,7371
3013,4775,4,7375
3014,4775,1,7383
3015,4776,1,7387
3016,4779,2,7391
3017,4782,2,7395
3018,4786,4,7399
3019,4786,1,7409
3020,4787,2,7413
3021,4790,4,7417
3022,4792,2,7422
3023,4794,2,7428
3024,4794,4,7434
3025,4795,0,7438
3026,4797,3,7443
3027,4798,0,7449
3028,4802,2,7453
3029,4802,3,7462
3030,4803,2,7466
3031,4806,2,7470
3032,4808,4,7475
3033,4810,3,7481
3034,4810,0,7499
3035,4811,2,7503
3036,4814,2,7507
3037,4817,2,7511
3038,4817,5,7521
3039,4817,2,7527
3040,4818,3,7531
3041,4820,1,7536
3042,4822,3,7541
3043,4824,2,7547
3044,4824,4,7553
3045,4825,1,7557
3046,4828,2,7561
3047,4831,3,7565
3048,4831,2,7573
3049,4833,2,7577
3050,4834,3,7581
3051,4837,2,7585
3052,4839,4,7590
3053,4841,4,7596
3054,4841,1,7605
3055,4841,0,7612
3056,4842,1,7618
3057,4845,2,7622
3058,4849,4,7626
3059,4851,4,7630
3060,4852,1,7634
3061,4855,3,7638
3062,4857,1,7643
3063,4859,4,7649
3064,4859,1,7657
3065,4860,2,7661
3066,4862,0,7666
3067,4863,4,7672
3068,4866,1,7677
3069,4868,1,7681
3070,4868,2,7692
3071,4868,4,7702
3072,4871,2,7706
3073,4873,2,7712
3074,4873,0,7721
3075,4874,0,7725
3076,4877,1,7729
3077,4877,3,7739
3078,4880,3,7744
3079,4882,2,7748
3080,4883,0,7752
3081,4885,3,7757
3082,4887,1,7762
3083,4889,2,7768
3084,4891,1,7772
3085,4891,3,7780
3086,4891,3,7787
3087,4894,2,7791
3088,4896,2,7797
3089,4898,1,7801
3090,4899,2,7805
3091,4902,2,7809
3092,4905,2,7813
3093,4907,3,7819
3094,4907,1,7827
3095,4908,3,7831
3096,4910,1,7836
3097,4913,2,7840
3098,4913,1,7848
3099,4915,0,7852
3100,4916,0,7856
3101,4919,2,7860
3102,4922,2,7864
3103,4926,4,7868
3104,4926,1,7878
3105,4926,0,7886
3106,4929,3,7890
3107,4932,2,7894
3108,4934,2,7900
3109,4934,3,7906
3110,4935,0,7910
3111,4936,4,7916
3112,4938,2,7921
3113,4942,4,7925
3114,4942,1,7935
3115,4943,3,7939
3116,4946,2,7943
3117,4949,3,7947
3118,4949,0,7965
3119,4949,2,7971
3120,4950,1,7975
3121,4953,3,7979
3122,4955,1,7984
3123,4957,1,7990
3124,4957,4,7998
3125,4957,2,8004
3126,4959,3,8009
3127,4962,2,8013
3128,4964,3,8019
3129,4964,1,8027
3130,4965,0,8031
3131,4968,0,8035
3132,4971,0,8039
3133,4971,4,8052
3134,4971,5,8069
3135,4971,2,8077
3136,4973,2,8082
3137,4975,4,8087
3138,4975,1,8097
3139,4975,2,8103
3140,4976,1,8107
3141,4979,2,8111
3142,4982,2,8115
3143,4986,4,8119
3144,4986,0,8133
3145,4987,1,8137
3146,4990,2,8141
3147,4993,2,8145
3148,4995,2,8151
3149,4995,0,8163
3150,4996,2,8167
3151,4999,2,8171
3152,5002,2,8175
3153,5004,3,8181
3154,5006,2,8185
3155,5007,3,8189
3156,5008,0,8195
3157,5011,1,8199
3158,5011,6,8207
3159,5011,1,8213
3160,5012,1,8217
3161,5014,4,8222
3162,5015,1,8228
3163,5015,0,8240
3164,5016,4,8245
3165,5017,3,8249
3166,5020,2,8253
3167,5023,2,8257
3168,5025,2,8263
3169,5027,2,8267
3170,5028,3,8271
3171,5030,1,8276
3172,5033,2,8280
3173,5035,3,8286
3174,5035,0,8296
3175,5036,3,8300
3176,5038,1,8305
3177,5039,4,8311
3178,5039,2,8323
3179,5039,3,8329
3180,5040,0,8333
3181,5043,2,8337
3182,5045,0,8342
3183,5045,5,8354
3184,5045,3,8360
3185,5046,2,8364
3186,5049,1,8368
3187,5052,2,8372
3188,5054,2,8378
3189,5056,2,8382
3190,5057,3,8386
3191,5058,0,8392
3192,5060,4,8397
3193,5061,2,8404
3194,5061,0,8411
3195,5061,3,8416
3196,5064,1,8420
3197,5067,0,8424
3198,5067,4,8434
3199,5069,2,8438
3200,5070,1,8442
3201,5073,2,8446
3202,5076,2,8450
3203,5080,4,8454
3204,5080,2,8464
3205,5081,1,8468
3206,5083,4,8473
3207,5084,1,8479
3208,5087,5,8484
3209,5089,4,8488
3210,5090,3,8492
3211,5093,2,8496
3212,5096,2,8500
3213,5098,2,8506
3214,5098,1,8526
3215,5099,0,8530
3216,5101,3,8535
3217,5102,0,8541
3218,5104,1,8547
3219,5104,2,8553
3220,5105,1,8557
3221,5107,4,8562
3222,5110,4,8566
3223,5112,5,8572
3224,5112,3,8580
3225,5112,1,8586
3226,5115,4,8590
3227,5115,1,8598
3228,5118,3,8603
3229,5120,2,8607
3230,5121,0,8611
3231,5123,3,8616
3232,5126,3,8620
3233,5126,2,8629
3234,5127,2,8634
3235,5128,1,8638
3236,5131,0,8642
3237,5134,0,8646
3238,5134,5,8658
3239,5134,4,8666
3240,5135,0,8670
3241,5138,2,8674
3242,5141,2,8678
3243,5141,1,8688
3244,5143,4,8692
3245,5144,2,8696
3246,5147,1,8700
3247,5150,0,8704
3248,5150,4,8726
3249,5150,4,8736
3250,5151,0,8740
3251,5154,2,8744
3252,5157,1,8748
3253,5159,2,8754
3254,5159,0,8762
3255,5160,2,8766
3256,5163,2,8770
3257,5166,2,8774
3258,5168,2,8780
3259,5168,0,8795
3260,5169,2,8799
3261,5172,4,8803
3262,5172,1,8810
3263,5174,1,8816
3264,5174,2,8822
3265,5175,3,8826
3266,5177,0,8831
3267,5180,1,8835
3268,5180,5,8844
3269,5181,4,8849
3270,5182,2,8853
3271,5185,2,8857
3272,5188,2,8861
3273,5190,3,8867
3274,5190,4,8873
3275,5191,2,8877
3276,5193,0,8882
3277,5196,0,8886
3278,5196,5,8904
3279,5196,5,8913
3280,5197,2,8917
3281,5200,2,8921
3282,5203,2,8925
3283,5205,3,8931
3284,5205,4,8937
3285,5206,2,8941
3286,5209,4,8945
3287,5211,2,8950
3288,5215,4,8954
3289,5217,4,8958
3290,5218,2,8962
3291,5221,1,8966
3292,5224,2,8970
3293,5226,3,8976
3294,5226,4,8982
3295,5227,0,8986
3296,5230,2,8990
3297,5232,4,8995
3298,5232,0,9004
3299,5232,4,9010
3300,5233,1,9014
3301,5236,0,9018
3302,5238,2,9023
3303,5240,2,9029
3304,5242,1,9033
3305,5243,2,9037
3306,5246,2,9041
3307,5248,4,9046
3308,5249,2,9053
3309,5250,5,9058
3310,5251,2,9062
3311,5254,2,9066
3312,5256,0,9071
3313,5260,2,9075
3314,5262,1,9079
3315,5263,1,9083
3316,5266,2,9087
3317,5269,2,9091
3318,5271,2,9097
3319,5271,0,9109
3320,5272,1,9113
3321,5274,4,9118
3322,5275,1,9124
3323,5277,4,9130
3324,5277,0,9138
3325,5277,0,9144
3326,5280,3,9148
3327,5283,4,9152
3328,5283,2,9163
3329,5283,1,9170
3330,5283,2,9175
3331,5285,0,9180
3332,5287,2,9185
3333,5288,0,9192
3334,5288,5,9201
3335,5288,3,9206
3336,5291,2,9210
3337,5293,0,9215
3338,5295,3,9221
3339,5295,4,9230
3340,5296,2,9234
3341,5299,4,9238
3342,5299,0,9245
3343,5301,1,9251
3344,5301,5,9257
3345,5302,3,9261
3346,5304,0,9266
3347,5305,4,9272
3348,5306,3,9279
3349,5308,2,9283
3350,5309,2,9287
3351,5312,2,9291
3352,5314,4,9296
3353,5314,0,9311
3354,5314,1,9318
3355,5315,3,9322
3356,5317,1,9327
3357,5320,2,9331
3358,5322,3,9337
3359,5324,2,9341
3360,5325,3,9345
3361,5326,0,9351
3362,5329,0,9355
3363,5329,6,9363
3364,5329,0,9369
3365,5330,0,9373
3366,5333,2,9377
3367,5336,2,9381
3368,5336,3,9396
3369,5336,2,9402
3370,5337,2,9406
3371,5339,0,9411
3372,5340,3,9417
3373,5342,3,9423
3374,5344,2,9427
3375,5345,1,9431
3376,5348,2,9435
3377,5351,3,9439
3378,5351,2,9447
3379,5353,2,9451
3380,5354,0,9455
3381,5357,2,9459
3382,5360,2,9463
3383,5362,2,9469
3384,5362,3,9475
3385,5363,2,9479
3386,5366,2,9483
3387,5368,0,9488
3388,5370,0,9494
3389,5372,0,9498
3390,5372,3,9508
3391,5375,0,9512
3392,5377,2,9517
3393,5381,4,9521
3394,5381,2,9531
3395,5382,2,9535
3396,5385,2,9539
3397,5388,2,9543
3398,5388,2,9558
3399,5388,2,9564
3400,5389,3,9568
3401,5390,0,9574
3402,5392,2,9579
3403,5394,3,9585
3404,5396,2,9589
3405,5397,1,9593
3406,5400,3,9597
3407,5400,0,9604
3408,5404,2,9608
3409,5406,1,9612
3410,5407,2,9616
3411,5409,0,9621
3412,5411,2,9626
3413,5413,3,9632
3414,5415,2,9636
3415,5416,1,9640
3416,5419,0,9644
3417,5421,2,9649
3418,5423,2,9655
3419,5425,2,9659
3420,5426,0,9663
3421,5428,3,9668
3422,5431,2,9672
3423,5431,5,9708
3424,5431,1,9717
3425,5431,0,9723
3426,5433,1,9728
3427,5434,4,9734
3428,5436,4,9740
3429,5436,1,9747
3430,5437,2,9751
3431,5440,2,9755
3432,5443,2,9759
3433,5445,2,9765
3434,5445,0,9779
3435,5446,2,9783
3436,5449,2,9787
3437,5452,2,9791
3438,5456,4,9795
3439,5456,2,9805
3440,5456,0,9813
3441,5456,1,9820
3442,5459,1,9824
3443,5459,5,9841
3444,5461,2,9845
3445,5462,0,9849
3446,5464,3,9854
3447,5467,2,9858
3448,5467,1,9867
3449,5468,1,9872
3450,5469,2,9876
3451,5472,2,9880
3452,5475,2,9884
3453,5475,4,9907
3454,5475,1,9913
3455,5476,3,9917
3456,5479,2,9921
3457,5482,1,9925
3458,5482,4,9933
3459,5482,5,9943
3460,5483,0,9947
3461,5486,2,9951
3462,5489,2,9955
3463,5491,2,9961
3464,5493,2,9965
3465,5494,2,9969
3466,5497,4,9973
3467,5499,2,9978
3468,5499,1,9998
3469,5499,1,10007
3470,5500,3,10011
3471,5502,1,10016
3472,5505,2,10020
3473,5507,2,10026
3474,5507,0,10036
3475,5507,3,10042
3476,5509,2,10047
3477,5512,2,10051
3478,5514,2,10057
3479,5514,4,10063
3480,5515,3,10067
3481,5516,0,10073
3482,5518,2,10078
3483,5520,3,10084
3484,5522,2,10088
3485,5523,2,1
3486,5526,1,5
3487,5529,2,9
3488,5529,1,17
3489,5529,2,23
